Wavelength (nm)	UV/IR	SDSSg	SDSSr	SDSSi
1100	0.06454238296	0.06471049041	0.06133921444	0.06504163891
1099	0.06123651564	0.05940479413	0.05573646724	0.06128979102
1098	0.0572886765	0.05902246758	0.05370498449	0.057792373
1097	0.05319637805	0.05750019848	0.05050479621	0.05378316715
1096	0.05269511789	0.05398853123	0.04863240197	0.05220209062
1095	0.05065766722	0.05010553822	0.04700422287	0.05002687126
1094	0.04974355549	0.05090402439	0.04619948566	0.05097284541
1093	0.05078248307	0.0489481613	0.04445713013	0.0479881987
1092	0.04986541346	0.04937849566	0.04560371116	0.04741310328
1091	0.04858226329	0.04779137298	0.0439796336	0.04549396783
1090	0.04900139198	0.04842178151	0.04352350533	0.04833244532
1089	0.04917603359	0.04881861806	0.04679352418	0.04653302953
1088	0.04895766452	0.04893803969	0.04537824541	0.04563556612
1087	0.0475791432	0.04758515954	0.04812282696	0.04568982869
1086	0.04896470159	0.04841355979	0.04694405198	0.04610780254
1085	0.04897896945	0.05199496448	0.04473797232	0.04606502131
1084	0.05033960938	0.05027930066	0.04742754251	0.04747628048
1083	0.05017683655	0.05041802675	0.04881324247	0.04611221328
1082	0.04871041328	0.05166792497	0.04994161427	0.04887261242
1081	0.05047801509	0.05059305206	0.04756707698	0.04930435121
1080	0.04775872082	0.05117788538	0.047673136	0.0484427847
1079	0.05108181015	0.04851003736	0.04757012799	0.04597071931
1078	0.05283288285	0.05186640844	0.04905173555	0.04785850272
1077	0.05279543623	0.05055203661	0.04902558774	0.04801197723
1076	0.05404609814	0.05228028819	0.04974991456	0.04846476763
1075	0.05453088135	0.05456624925	0.04945798591	0.04768937454
1074	0.05179176852	0.05434329063	0.05062869191	0.04685801268
1073	0.0508611612	0.05219112337	0.05054156482	0.04859685153
1072	0.05202032626	0.05287963524	0.05249916017	0.0481464453
1071	0.05137081072	0.05306575447	0.04951676354	0.04727696627
1070	0.05020410195	0.0551192686	0.05154580995	0.04842624068
1069	0.05072302371	0.0548033677	0.05003173649	0.04870417342
1068	0.05240243673	0.05212863907	0.0507921502	0.05047697201
1067	0.05112812668	0.05292765424	0.05363284051	0.05070853978
1066	0.0510847643	0.05209732801	0.0489029102	0.04847997054
1065	0.04979192093	0.05551529303	0.05086681247	0.05010415241
1064	0.05317283794	0.05328629166	0.0485643819	0.04857256263
1063	0.04947105795	0.05337902531	0.05133702606	0.04849899188
1062	0.05318154022	0.05439430848	0.05180321634	0.05000531673
1061	0.05042687804	0.05234384537	0.05034290999	0.04804356024
1060	0.04812660813	0.05162545294	0.05006586015	0.04897363856
1059	0.04774781689	0.05089737102	0.05061046779	0.04802499712
1058	0.05108321831	0.05483822897	0.05012177303	0.04868046939
1057	0.05291886628	0.05180530623	0.04861878231	0.05010584742
1056	0.05158951506	0.05601648986	0.04816640168	0.04918894172
1055	0.05097213015	0.05485193059	0.05088033527	0.05048648268
1054	0.05103836954	0.05394770578	0.04921991006	0.05034705251
1053	0.05170720816	0.05110449344	0.04678772017	0.04895153269
1052	0.05070879683	0.05334272981	0.05004274473	0.04769301414
1051	0.05056816339	0.05273360386	0.04815747216	0.04550920427
1050	0.05188484862	0.05399340391	0.04861978069	0.04770112038
1049	0.05215715617	0.05245321617	0.05102197826	0.05001921207
1048	0.05103217065	0.05473068357	0.04701858386	0.04948242009
1047	0.05231468379	0.05206148326	0.04984879494	0.05087566003
1046	0.05158402026	0.05254802108	0.05090251192	0.04805711284
1045	0.05060761422	0.05272152647	0.05172906816	0.04829766229
1044	0.05127371848	0.05343176797	0.05146487802	0.0499016121
1043	0.05297509581	0.05111682042	0.05198859796	0.05238485336
1042	0.05121129379	0.05301328376	0.04926953837	0.04910849407
1041	0.05013854802	0.05548478663	0.05270968005	0.05041035637
1040	0.05128376186	0.05123409629	0.05083055422	0.05052750185
1039	0.0517182909	0.05261955783	0.05065406859	0.05281142518
1038	0.04961600155	0.05242460221	0.04961197823	0.04795816541
1037	0.0529814437	0.05143602565	0.04946849495	0.04879488423
1036	0.05151710287	0.05289691687	0.05093523487	0.04989739507
1035	0.0555254072	0.05263032392	0.04985529184	0.04736151174
1034	0.05144261941	0.05239004269	0.05093859509	0.04837341979
1033	0.05394184217	0.04880130291	0.05055652559	0.04812608659
1032	0.04966751859	0.05330869555	0.04826340079	0.05100881681
1031	0.05063100159	0.05328010768	0.05141003057	0.05073608458
1030	0.04861449078	0.05245331675	0.05062470958	0.05007323995
1029	0.05415173993	0.05172555149	0.05204422027	0.04877375439
1028	0.05321950838	0.0504526794	0.04878265038	0.050739564
1027	0.05160970613	0.0532081984	0.050982669	0.04993876815
1026	0.05069833621	0.05184062198	0.05042590201	0.04981243238
1025	0.05071440712	0.05203007162	0.0499423705	0.05005609244
1024	0.05207212642	0.04979963973	0.05133559555	0.04906542599
1023	0.05022208393	0.05199846253	0.04770242795	0.05122088641
1022	0.05274438858	0.05174194649	0.049607981	0.05157759413
1021	0.05360459909	0.05475747585	0.05093384534	0.04971937835
1020	0.05180222914	0.05160116777	0.04960984737	0.04802064598
1019	0.0511434637	0.05253774673	0.04979937151	0.05219542608
1018	0.05099292472	0.04979252815	0.05038933456	0.04931099713
1017	0.05119994655	0.0527487956	0.0496080555	0.04929443821
1016	0.05450155586	0.0512201041	0.04800035805	0.05027415603
1015	0.05166141689	0.05040642619	0.04982095957	0.05093857273
1014	0.05141607672	0.05191940442	0.04921048507	0.04990914091
1013	0.05218606815	0.04852387682	0.05120809749	0.04992233589
1012	0.05129926279	0.05209115893	0.04920114204	0.05019039288
1011	0.05409804359	0.05096429214	0.05257000402	0.05094650388
1010	0.05188529566	0.05207320303	0.05106679723	0.05095323548
1009	0.05157799274	0.05476811901	0.05072103813	0.04988414049
1008	0.04939609766	0.05055545643	0.05020115152	0.04932435229
1007	0.05208768323	0.05341172218	0.04947420582	0.0503949374
1006	0.05192303285	0.05430098996	0.04980454221	0.04884677008
1005	0.05431301147	0.05204143375	0.0534741953	0.05012239143
1004	0.05277270824	0.05307383835	0.05199785903	0.05217126384
1003	0.05203482509	0.05299671367	0.05081510916	0.04851785675
1002	0.05337908491	0.05188313127	0.04948471487	0.05128129944
1001	0.05179133266	0.05088816583	0.05003872886	0.04939604551
1000	0.05175336823	0.05101949722	0.04966926202	0.04978141561
999	0.05232521892	0.05283947662	0.05129861459	0.04897486791
998	0.05155957118	0.05214269087	0.04902422801	0.05095934495
997	0.05003617704	0.0538194105	0.05228067935	0.04974841326
996	0.0509997718	0.05366454273	0.0494857505	0.05002725497
995	0.05372482166	0.05218196288	0.05114376545	0.04908213764
994	0.05199920759	0.0543792136	0.05056474358	0.0485175997
993	0.0529994145	0.05250240117	0.0510968715	0.04998325184
992	0.05502008274	0.05266435817	0.05040914565	0.04728278518
991	0.04971626401	0.05397975817	0.04906700924	0.04949113354
990	0.05259975046	0.05285999551	0.05094739795	0.04648440331
989	0.05081123114	0.05192827806	0.05076985806	0.04966529086
988	0.05336662382	0.05217001215	0.04930711165	0.05213971436
987	0.0510404408	0.05391100422	0.05107342079	0.05214738846
986	0.04983085021	0.05082858354	0.05099905655	0.05185730383
985	0.05150748044	0.05254249647	0.04983842373	0.04963582754
984	0.05427654088	0.05188988894	0.0511899814	0.05069888383
983	0.05428300425	0.04971599579	0.05140685663	0.04863959923
982	0.05045576394	0.05416920036	0.05239934102	0.04944533482
981	0.05209660158	0.05170727521	0.05336771905	0.05104815215
980	0.05283928663	0.05348978937	0.04990209639	0.05134651437
979	0.0523753278	0.05200078711	0.05134773254	0.04945400357
978	0.05346754193	0.05548122525	0.05085306615	0.04922455549
977	0.0522724539	0.05312523991	0.05017563701	0.04745783657
976	0.05221378058	0.05196113512	0.05071143433	0.04824256897
975	0.05445732921	0.05136056617	0.05120206624	0.05228617787
974	0.05210065842	0.05277715251	0.05214086175	0.0496233739
973	0.05295526981	0.05128501728	0.05083248764	0.05070363358
972	0.05320723727	0.05384271964	0.0507527329	0.05140451714
971	0.0529595986	0.05288447067	0.05219580978	0.05038108677
970	0.05142621323	0.05316454917	0.05022322759	0.04987536743
969	0.05012598634	0.05072588846	0.05124182254	0.05060842261
968	0.05292285234	0.05258679017	0.05232468247	0.04787935689
967	0.05356229842	0.04950124398	0.04963790253	0.04944559932
966	0.05256965384	0.05403266847	0.05286998302	0.05150258541
965	0.05600745231	0.05416375399	0.05136335269	0.04845392704
964	0.05176278204	0.05582787097	0.05028447509	0.05249885097
963	0.05434018001	0.05442436785	0.05104735121	0.04944927245
962	0.05241216347	0.05262991786	0.05027240142	0.05020014942
961	0.0513388589	0.05052278936	0.05157570168	0.0516516678
960	0.05452933908	0.05275025591	0.05069350079	0.05032957345
959	0.05260515213	0.05159384385	0.05179525539	0.05105030164
958	0.05261511356	0.05313769355	0.04968640208	0.05515522137
957	0.05399054661	0.05022999272	0.05069974065	0.04872498661
956	0.05440279469	0.05226434022	0.05031374097	0.05047350377
955	0.05481856689	0.05272806808	0.05175506696	0.05116665363
954	0.05611989275	0.05475629494	0.05096655339	0.05157114938
953	0.05273908749	0.05271819606	0.05361578614	0.0503450036
952	0.05441498756	0.05226490274	0.05183757097	0.05038621649
951	0.05518757924	0.05379194766	0.05154688284	0.05137598515
950	0.0529182367	0.052201882	0.05004469305	0.05334438756
949	0.05233929306	0.05284878612	0.05336370692	0.05100745335
948	0.05504477769	0.05121938884	0.05018933862	0.04998740181
947	0.05342990533	0.05654040724	0.05247347429	0.05120465159
946	0.0524282977	0.05471355468	0.05189651996	0.0506063737
945	0.05536557361	0.053230986	0.05449374393	0.05232108012
944	0.05324951559	0.05373475701	0.05466843769	0.05150359496
943	0.05522866175	0.05589023978	0.05239588022	0.05147248134
942	0.05238193646	0.0501424931	0.05352516472	0.05279262364
941	0.05365146324	0.05344634876	0.05205664784	0.05016984791
940	0.05684710294	0.05427752063	0.05288068205	0.0512312986
939	0.05530410632	0.05103296787	0.05470366031	0.05108562112
938	0.05292865261	0.05200581998	0.05511902273	0.05197350308
937	0.05504949391	0.0532425493	0.05563539267	0.05164406449
936	0.05283502489	0.05065503716	0.05223761499	0.05042184889
935	0.05307547003	0.05350680277	0.05175068974	0.05203443766
934	0.05553273857	0.05229514837	0.0512532182	0.04931800067
933	0.05325619876	0.052603852	0.05354550108	0.05094806105
932	0.05238461494	0.05214719102	0.05501130223	0.05154191703
931	0.05264153704	0.05227868259	0.05050328374	0.05144637078
930	0.05204916373	0.05478416383	0.05168465897	0.04974919185
929	0.0544170551	0.05382685363	0.05054700375	0.0534106344
928	0.05453281477	0.05259924382	0.05014330894	0.05350426584
927	0.05407392234	0.05353418365	0.04915094003	0.05304718018
926	0.05519475788	0.04739392176	0.04995607957	0.05058060586
925	0.05612380803	0.05265201256	0.04920280725	0.05140950158
924	0.05300888419	0.05013145879	0.05409795418	0.05405618995
923	0.05162093416	0.05315166712	0.05231068283	0.05384015292
922	0.05473619699	0.05273129046	0.05271137506	0.0531626679
921	0.05443631858	0.05355380848	0.0484415777	0.04915367439
920	0.0511867702	0.05386261642	0.04962447658	0.05163053796
919	0.0542999357	0.05088815838	0.05316465348	0.05193274841
918	0.05438769609	0.05230511725	0.051136747	0.05174392834
917	0.05376107246	0.0533006154	0.05254548788	0.05079940706
916	0.0530352518	0.05292409286	0.05141025037	0.05345426127
915	0.05450781435	0.05455321446	0.0505105108	0.0509121567
914	0.05313350633	0.05376313254	0.05225321651	0.05192683265
913	0.05328110605	0.05148005858	0.05277032033	0.0505980216
912	0.05337728187	0.05383223668	0.04856009781	0.05314769223
911	0.05550951511	0.05613337457	0.05310209095	0.0533276163
910	0.05374209583	0.05478414893	0.05096499249	0.0537106581
909	0.05426163599	0.05271358043	0.05242450163	0.05223226175
908	0.05351378396	0.05352041498	0.05111146718	0.05443887785
907	0.05322622135	0.05420456454	0.05206507072	0.05266916007
906	0.05286809802	0.05257186666	0.0517206192	0.05363635719
905	0.05396900326	0.05309018493	0.0514495112	0.05163656175
904	0.05775748938	0.05640752614	0.05058327317	0.05343936384
903	0.05467162654	0.0538848266	0.05390335992	0.05522465706
902	0.05432397127	0.05482114106	0.05287599191	0.05534707382
901	0.05644917116	0.05344003439	0.05203398317	0.05233525485
900	0.05391429365	0.05250008404	0.05346926674	0.05612067878
899	0.0558215268	0.05214836448	0.05087343231	0.05868858472
898	0.05438392237	0.05624310672	0.05149349943	0.05387375131
897	0.05628921837	0.05699260533	0.04965472221	0.05449606106
896	0.05550202727	0.05295780301	0.05268348008	0.05409635603
895	0.05812934786	0.05337154865	0.05035608262	0.05625868961
894	0.05775623024	0.05357059464	0.05224864557	0.05688921735
893	0.05822979286	0.05379979685	0.04850186408	0.05734570324
892	0.05991305411	0.0533929728	0.05007241294	0.05688410997
891	0.05956916884	0.05477233976	0.05114641413	0.05734781176
890	0.05933284014	0.05445858836	0.05005223677	0.0601820983
889	0.06098968536	0.05545692518	0.05491505563	0.05851824582
888	0.06265611202	0.05536397919	0.05271990597	0.06011991575
887	0.06194268912	0.0554870069	0.0520413518	0.06088147685
886	0.06377436966	0.05554813519	0.05157115683	0.06168145314
885	0.06465420872	0.05579090863	0.0517260395	0.06267277896
884	0.06700651348	0.05147758126	0.05094809458	0.06534325331
883	0.06686937064	0.05442447588	0.0529733263	0.06829224527
882	0.06572684646	0.05405934155	0.05236581713	0.0693583414
881	0.06517998874	0.05221156031	0.05234802887	0.07224997133
880	0.06403817981	0.05665092543	0.0487674363	0.07470139116
879	0.06806445867	0.05389367044	0.05101621896	0.07420407236
878	0.06220702827	0.05499602854	0.05385392159	0.08016412705
877	0.06352174282	0.05343629792	0.05159477517	0.08619585633
876	0.06321544945	0.05460451543	0.0519689247	0.08991111815
875	0.0613652505	0.05447324365	0.04956364259	0.09376399219
874	0.06387596577	0.05634051561	0.04935156927	0.1047700197
873	0.06114165485	0.0543988198	0.05122564733	0.1108471751
872	0.05794903263	0.05369016901	0.0514555946	0.1201270595
871	0.05998992175	0.05639516562	0.05172949284	0.1314164847
870	0.06203280017	0.05558891594	0.05075817928	0.1501650363
869	0.06080968305	0.05722687393	0.05062481016	0.1656778157
868	0.0609511584	0.05359376222	0.05038370192	0.1880016327
867	0.06007709354	0.0540359281	0.05204157904	0.2170053273
866	0.0588992089	0.05469495058	0.04915880412	0.242808789
865	0.05987937748	0.05457188189	0.05135218427	0.2828473151
864	0.05769417435	0.05664564669	0.05010353029	0.3311761916
863	0.06047933176	0.05425937101	0.04990367591	0.3957150578
862	0.05966844782	0.05637876317	0.05036446825	0.4727602899
861	0.05620797724	0.05661059543	0.04944804683	0.5762597919
860	0.05646884814	0.05328916013	0.05254668742	0.702976644
859	0.05961621553	0.05351689085	0.05131557584	0.8719091415
858	0.0590422377	0.05282406509	0.05307306349	1.095143676
857	0.05788549781	0.05378995091	0.05091875046	1.383553505
856	0.05960834026	0.0531706959	0.05367476121	1.74667573
855	0.05799664557	0.05254444107	0.05072069541	2.25440383
854	0.05584637448	0.05392076075	0.05306132883	2.901406765
853	0.06002293527	0.05241285637	0.05168864131	3.748390198
852	0.05783071369	0.05480058491	0.05158852041	4.96430397
851	0.05834082887	0.05398286134	0.05320378765	6.565047264
850	0.0588131845	0.05298173055	0.05285932496	8.565680504
849	0.05704801902	0.05091925338	0.04934889823	11.37150574
848	0.05761659145	0.05348579586	0.04951965436	14.82642746
847	0.05688000843	0.05551127717	0.0485082902	19.01968765
846	0.05727600679	0.05285960063	0.04987618327	24.54367065
845	0.05736033246	0.05014963076	0.04935938492	31.01912498
844	0.0560747236	0.05101233721	0.05045760795	37.90580368
843	0.05430386588	0.05132740363	0.05204718187	45.71508789
842	0.05786814541	0.05559845641	0.05122787133	53.62033844
841	0.05600365251	0.05161940306	0.05040536821	61.18715286
840	0.05460307747	0.05238900334	0.04974356294	68.78778076
839	0.05612101406	0.05086625367	0.05013665184	75.78659821
838	0.05378748104	0.05441111326	0.05288761482	81.58794403
837	0.05521265417	0.05051541328	0.04878718033	86.28569794
836	0.05347756669	0.05297454819	0.05067194998	89.98082733
835	0.05628794804	0.05152281374	0.05305848271	92.56500244
834	0.05579168722	0.05325374752	0.05147943273	94.31112671
833	0.05797253177	0.05115607753	0.05139709637	95.46496582
832	0.05325748399	0.05495752394	0.0498181656	96.08453369
831	0.05672981963	0.05336719751	0.05128630996	96.38381195
830	0.05708216503	0.05218670517	0.0503542088	96.50428772
829	0.05356951058	0.05068252236	0.05124578625	96.53881073
828	0.05509670451	0.04939842224	0.05161779746	96.56420898
827	0.0542357564	0.05126320571	0.05221088603	96.62595367
826	0.05443173647	0.04780785367	0.04991461709	96.73144531
825	0.05405589566	0.05162646994	0.05160211772	96.88049316
824	0.05573945865	0.05060240626	0.05103481933	97.09017181
823	0.05396088213	0.05104643479	0.05152755231	97.33119202
822	0.05519835278	0.0521495305	0.05274030939	97.58831024
821	0.05519028008	0.05434097722	0.05140126869	97.85739899
820	0.05303772539	0.05348798633	0.0505015552	98.13476563
819	0.05476609245	0.05266904458	0.0487213023	98.38539886
818	0.05350508541	0.0514283888	0.05029309541	98.60778046
817	0.05632720888	0.05210944265	0.04778203368	98.81288147
816	0.05432582274	0.05199265853	0.04695715383	98.97429657
815	0.05418774113	0.05082868785	0.04953341559	99.10357666
814	0.05528092757	0.05326206982	0.05312332138	99.20290375
813	0.05503468961	0.05409398675	0.05101222172	99.2758255
812	0.05351545289	0.05196135119	0.04861502722	99.313797
811	0.05412953347	0.05261807889	0.05099292472	99.32636261
810	0.05575602502	0.05158525705	0.04976661131	99.32443237
809	0.05358364433	0.05298279598	0.04945584387	99.31077576
808	0.05309957266	0.0518183969	0.04968743771	99.28127289
807	0.05363827199	0.05053826421	0.05149315298	99.24661255
806	0.05466000736	0.05205474421	0.05198446289	99.20679474
805	0.05566026643	0.05167144537	0.04846030474	99.1764679
804	0.05309321731	0.05147781223	0.05057439953	99.13134766
803	0.05549275503	0.05161450058	0.05301400274	99.09184265
802	0.05655024573	0.05123684555	0.04980982468	99.05976868
801	0.05225063488	0.0512949191	0.05134967342	99.02720642
800	0.05418633297	0.05122486129	0.04988647252	98.99851227
799	0.002296742052	-4.105028929E-4	1.547494321E-4	98.66641998
798	0.002290914301	-7.969872095E-4	1.701780129E-4	98.65072632
797	0.00206410489	-1.867375977E-4	-2.629365372E-5	98.59724426
796	0.002332895761	-2.380124497E-4	-5.419330409E-5	98.57563782
795	0.002516607521	-2.347099362E-4	-8.120220446E-5	98.53949738
794	0.002496483736	-3.625833779E-4	-8.492562483E-5	98.51726532
793	0.002630081028	-1.466919784E-4	-1.184493594E-4	98.49228668
792	0.002913684584	1.094442487E-4	5.016986688E-5	98.43245697
791	0.002661008621	-2.448503801E-4	-2.085181914E-4	98.37240601
790	0.002741552889	-1.48516614E-4	-2.262491762E-4	98.33319092
789	0.002663060324	-4.374290802E-5	-1.647035242E-4	98.30435181
788	0.002951428993	1.264142775E-4	-5.196894199E-5	98.26266479
787	0.002959215315	1.626228041E-4	6.191166449E-6	98.22691345
786	0.00303497538	-1.267728803E-4	-3.578753385E-4	98.17155457
785	0.003168769646	1.676280517E-4	-1.098474604E-4	98.16577148
784	0.003294208786	3.716660649E-5	-1.595629001E-4	98.13587952
783	0.003651077393	5.163278547E-4	-1.711250843E-5	98.12428284
782	0.003398932051	1.125267445E-4	-2.655365388E-4	98.13236237
781	0.003540096106	1.65608275E-4	-3.038565919E-4	98.15588379
780	0.003613290377	5.075797089E-4	1.021540538E-5	98.17855072
779	0.003934072796	2.234837157E-4	-8.954061923E-5	98.20464325
778	0.003632619744	4.162940895E-4	-1.523048995E-4	98.28588867
777	0.003724518698	1.574244961E-4	3.389833E-5	98.35939789
776	0.00411786465	4.489345883E-4	-1.451577118E-4	98.44282532
775	0.004294464365	4.879727785E-4	-7.065675891E-5	98.52198029
774	0.004692586139	6.790126208E-4	6.18340564E-5	98.61271667
773	0.004660885781	3.828355984E-4	-2.576858242E-5	98.7223053
772	0.004803664051	3.737775551E-4	-1.272946247E-4	98.8229599
771	0.005291067995	4.554208717E-4	-6.611579738E-5	98.92963409
770	0.005330136046	5.619801232E-4	-4.174903734E-5	99.04166412
769	0.006026533432	7.30069587E-4	3.134654253E-5	99.12071991
768	0.006010126323	4.305580514E-4	-6.570278492E-5	99.21037292
767	0.006405519322	5.107831676E-4	1.211162016E-4	99.28909302
766	0.006878985092	6.740194513E-4	-9.86477171E-5	99.33757782
765	0.00727294106	9.590858826E-4	3.341215779E-4	99.36739349
764	0.007879195735	5.839713849E-4	7.668023318E-5	99.40574646
763	0.008261913434	7.224785513E-4	1.859173499E-4	99.41254425
762	0.008865023032	9.044172475E-4	-3.463964822E-5	99.41834259
761	0.009370817803	0.001042919583	1.652899373E-4	99.40283203
760	0.01021675952	0.001194725279	2.468869206E-4	99.37895203
759	0.01079206076	0.001200464554	4.680769507E-6	99.35102844
758	0.01147577725	0.001326055964	-6.315909559E-5	99.33362579
757	0.01219449658	0.001658156165	1.139727392E-4	99.29099274
756	0.01371764764	0.002268693876	1.641510753E-4	99.24980164
755	0.01421611197	0.002273154212	-1.187443122E-4	99.2085495
754	0.01586255617	0.002469302388	1.009409752E-4	99.16535187
753	0.01686582342	0.002843511291	2.519047994E-4	99.12702179
752	0.01852959767	0.002957416466	9.341543773E-5	99.05473328
751	0.02055771835	0.003495329292	2.092380309E-4	98.97301483
750	0.02220979519	0.00321844453	1.511933369E-4	98.90755463
749	0.02461799979	0.003127185861	1.311909728E-4	98.80683899
748	0.02696370706	0.002997609787	3.233406169E-4	98.69633484
747	0.02995458432	0.002918258077	3.020493605E-4	98.56497955
746	0.03294760361	0.002490203828	3.262116516E-4	98.40600586
745	0.03655149043	0.002380421618	3.720635432E-4	98.24797058
744	0.04046231881	0.002296487568	4.37480543E-4	98.06655884
743	0.0452260375	0.002085027052	6.565270596E-4	97.89124298
742	0.05062054098	0.001766106463	6.29189366E-4	97.72141266
741	0.05665363371	0.001637340756	7.909691776E-4	97.57144165
740	0.06353646517	0.001276004361	8.545871242E-4	97.42842102
739	0.07206041366	0.001209372538	0.001280737109	97.31504822
738	0.08108755946	8.024427807E-4	0.001239851699	97.21724701
737	0.0918918103	5.662872572E-4	0.00148310489	97.17201233
736	0.1041994691	4.710106296E-4	0.001590553671	97.15215302
735	0.1188741848	3.619004565E-4	0.001816455508	97.18222809
734	0.1354025453	3.565677034E-4	0.002362503437	97.22762299
733	0.154154554	3.08968185E-4	0.002539730864	97.27734375
732	0.1778687537	2.035142825E-4	0.00280641485	97.3708725
731	0.2045888752	4.560782691E-4	0.003539501224	97.44541931
730	0.2363439947	1.561599056E-4	0.003851444228	97.54095459
729	0.2737359107	1.014145018E-4	0.004722801037	97.60266113
728	0.3180175424	3.907291102E-5	0.005254045594	97.66162109
727	0.3699951768	4.641094711E-4	0.00675711222	97.69359589
726	0.4314196408	1.198905593E-4	0.00769061828	97.72669983
725	0.5061494112	-1.535141055E-4	0.009217166342	97.72763062
724	0.5951396823	7.230132178E-5	0.01119694393	97.71247864
723	0.7002130151	2.185902486E-5	0.01352485549	97.69377899
722	0.8260240555	-1.413700666E-4	0.01655380242	97.70953369
721	0.9767577052	6.703738472E-5	0.02048937604	97.76638794
720	1.15572691	-1.843554492E-4	0.024936378	97.8217392
719	1.36964941	-7.401140465E-5	0.03079542704	97.94664001
718	1.626852393	-2.83728732E-4	0.03863490745	98.08235168
717	1.937801003	3.530563117E-5	0.04829948768	98.26553345
716	2.307166576	-1.26480285E-4	0.06101611629	98.44081116
715	2.747562408	-1.016472961E-4	0.07765845209	98.63892365
714	3.285235882	6.771194603E-5	0.1001601592	98.81635284
713	3.918594837	-2.665098582E-4	0.1290896535	98.96954346
712	4.65600872	-1.740651642E-4	0.166467607	99.06589508
711	5.572682858	-2.899949613E-4	0.2177925557	99.10565186
710	6.698553085	-7.838868623E-5	0.2891783416	99.0877533
709	8.062858582	-1.856846939E-4	0.3872409165	98.98008728
708	9.716871262	-3.115807776E-4	0.521594882	98.76694489
707	11.71403217	-9.719993977E-5	0.7074643373	98.39735413
706	14.18882179	-1.133849728E-4	0.9723867178	97.76768494
705	17.17245102	-2.361057996E-4	1.342397928	96.8254776
704	20.77419472	-3.221091465E-4	1.865802169	95.40324402
703	25.23211861	-3.109321551E-5	2.629960537	93.36192322
702	30.50361252	-2.24723859E-4	3.713028431	90.67253113
701	36.64971161	-3.3658545E-4	5.239967823	87.33827209
700	43.66240692	4.777672075E-6	7.381835461	83.53821564
699	51.44435883	-1.220940467E-4	10.34906101	79.37731934
698	59.82282639	-1.292022935E-4	14.43867493	75.03826904
697	68.25868988	1.904305536E-4	19.77120399	70.63322449
696	76.24054718	-1.775644778E-4	26.43779182	65.92980957
695	83.36885834	-5.059853356E-5	34.41064453	60.26930237
694	89.169487	6.633580051E-5	43.17832565	52.94017792
693	93.43276978	-1.86204823E-4	52.15701294	43.52396393
692	96.16133881	-1.000024349E-4	60.48239899	32.97079468
691	97.60327148	-8.08777113E-5	67.62413025	22.94010353
690	98.05149078	-1.999408996E-4	73.37211609	14.84667778
689	97.81793976	-3.863062011E-4	77.83218384	9.100527763
688	97.17475128	-7.945460311E-6	81.11169434	5.457920551
687	96.3501358	-2.752763394E-4	83.53543091	3.25357008
686	95.55054474	-2.837829816E-4	85.39144135	1.974188566
685	94.85413361	-6.821348506E-5	86.91139221	1.223371863
684	94.35166931	-3.011779045E-4	88.26709747	0.775046289
683	94.05659485	1.863212856E-5	89.53292084	0.5017210841
682	93.97177124	-2.189507795E-4	90.76331329	0.3294278979
681	94.09468079	-1.946455159E-4	91.96272278	0.2208941132
680	94.40813446	2.909377799E-4	93.06220245	0.1525668949
679	94.84622192	-1.528480498E-4	94.06826782	0.1066773236
678	95.36423492	1.644383301E-4	94.94104004	0.07612881064
677	95.95173645	3.649197606E-5	95.69258881	0.05546208844
676	96.50793457	-6.61756203E-5	96.30575562	0.04070664942
675	97.0500946	3.221867373E-4	96.81145477	0.03064966202
674	97.50389099	-1.150370323E-7	97.20030212	0.02313022129
673	97.8824234	-3.867962005E-5	97.51079559	0.01783932745
672	98.13580322	1.710746583E-4	97.73906708	0.01418343745
671	98.29828644	-8.86531634E-5	97.9225235	0.01100345701
670	98.36187744	-7.495159662E-5	98.01971436	0.008770478889
669	98.34754181	5.765840615E-5	98.06447601	0.007419059519
668	98.25842285	-5.018518277E-5	98.04667664	0.006080714986
667	98.12065887	-1.080290167E-4	97.95868683	0.004904334433
666	97.96146393	-4.038268798E-6	97.79440308	0.004203829914
665	97.79789734	-1.39551521E-5	97.60224915	0.003406022675
664	97.65640259	-7.915576134E-5	97.37915039	0.002979620825
663	97.54037476	5.082321877E-5	97.15589142	0.002551789396
662	97.44711304	2.79818978E-5	96.94836426	0.002307776827
661	97.42764282	1.50851527E-4	96.82141876	0.001929666148
660	97.42632294	7.690614439E-5	96.75152588	0.001589897322
659	97.48815918	1.465431887E-5	96.78210449	0.001483472064
658	97.57671356	8.876098582E-5	96.88980865	0.001354130683
657	97.68321991	8.434335905E-5	97.08424377	0.001426615985
656	97.7985611	1.894609304E-4	97.3245697	0.001287006075
655	97.91631317	2.270404802E-4	97.61148834	0.001021956909
654	98.01395416	5.468746167E-5	97.88353729	0.001187550602
653	98.08625793	1.812900882E-4	98.12657166	0.001054233639
652	98.12556458	1.911342697E-4	98.33177948	0.001179793268
651	98.12471771	7.613447087E-5	98.47796631	0.001199139282
650	98.08859253	1.245418825E-4	98.58476257	0.001191984746
649	98.01395416	1.750901865E-4	98.65642548	0.001305815997
648	97.91552734	8.951615018E-5	98.69542694	0.001189349801
647	97.8001709	-6.303535883E-6	98.73544312	0.001350140083
646	97.66877747	5.675422653E-5	98.78085327	0.001329025719
645	97.51688385	1.977872453E-4	98.84172821	0.001528891735
644	97.39806366	1.588367195E-5	98.92179871	0.001633224776
643	97.28082275	1.143033369E-4	99.01345062	0.001758890925
642	97.20231628	3.112079285E-4	99.09169006	0.002198434435
641	97.15074158	2.702034835E-4	99.13796997	0.002294278005
640	97.12713623	2.644952037E-4	99.15096283	0.0026777233
639	97.14697266	6.23530359E-5	99.10168457	0.002811494516
638	97.19325256	1.895965106E-4	99.00726318	0.002771079075
637	97.26661682	2.988630149E-4	98.85980225	0.003169335891
636	97.35790253	4.66715428E-4	98.70476532	0.002914217766
635	97.45582581	2.741102071E-4	98.55249023	0.003060996765
634	97.56204987	2.740685886E-4	98.44612885	0.002997419797
633	97.64865875	2.889341267E-4	98.38312531	0.002476665424
632	97.7101593	3.650476283E-4	98.37577057	0.002646595938
631	97.73684692	4.036284226E-4	98.4357605	0.002346334048
630	97.73155212	2.567098418E-4	98.54914093	0.002367770532
629	97.69273376	1.493121381E-4	98.70201111	0.002150862245
628	97.61843109	1.553391776E-4	98.86369324	0.00201347121
627	97.51029968	2.136009425E-4	98.98727417	0.002241356997
626	97.38494873	2.820202499E-4	99.08164978	0.002106115688
625	97.2440033	1.247006876E-4	99.13684082	0.00230525271
624	97.09017944	3.943761403E-4	99.12676239	0.002276827814
623	96.92892456	1.865677041E-4	99.08597565	0.002463043202
622	96.78449249	1.968024153E-4	99.00875854	0.002813841216
621	96.6646347	3.867106861E-4	98.92205048	0.002860472305
620	96.56430817	3.655723413E-4	98.84976196	0.003084637923
619	96.52007294	4.124503466E-4	98.79945374	0.002961094724
618	96.49797821	3.120452457E-4	98.77103424	0.002955866512
617	96.50879669	5.934416549E-4	98.74394226	0.002520264126
616	96.56469727	4.920947831E-4	98.72148895	0.002456574934
615	96.61714172	6.507098442E-4	98.6788559	0.00203449768
614	96.70741272	8.070851327E-4	98.63350677	0.001671117381
613	96.78945923	6.644763052E-4	98.5640564	0.001539980411
612	96.86242676	7.854058058E-4	98.47003174	0.001275366521
611	96.95103455	8.77251674E-4	98.37887573	0.00115616445
610	97.00255585	8.800639771E-4	98.30604553	0.001188765746
609	97.04016113	0.001102041104	98.23723602	0.001025646576
608	97.0515213	9.528678493E-4	98.16517639	0.001008305233
607	97.04933167	0.001128065516	98.11782837	0.001023505465
606	97.01886749	0.001011516084	98.05126953	7.442563074E-4
605	96.97434998	9.59558005E-4	97.97425079	8.627033094E-4
604	96.94368744	0.001284029218	97.86038971	8.65236856E-4
603	96.90836334	0.001119679888	97.7101059	9.06554109E-4
602	96.88181305	0.001550209709	97.53083801	0.001209550421
601	96.88650513	0.001346013043	97.35554504	0.001125861076
600	96.92388153	0.001428199699	97.22901154	0.001441244851
599	96.99035645	0.001795917167	97.16389465	0.001658261288
598	97.08846283	0.001844652463	97.19599915	0.001920131966
597	97.20921326	0.002176588634	97.33029938	0.002010952914
596	97.34492493	0.0024977508	97.5535965	0.001996393548
595	97.48925018	0.002731885528	97.8530426	0.001850856119
594	97.61515045	0.003177155741	98.1450882	0.001528291847
593	97.72884369	0.003838130273	98.41503906	0.00133147859
592	97.81004333	0.004287786782	98.59654999	8.854099433E-4
591	97.83304596	0.004810824059	98.68762207	7.636690279E-4
590	97.82082367	0.005431665573	98.6696167	1.851536508E-4
589	97.74826813	0.006088844966	98.59358978	2.110213973E-4
588	97.64051819	0.006817721296	98.45739746	7.354115223E-5
587	97.49645233	0.007579258643	98.30718231	1.316351263E-4
586	97.32704926	0.00819463376	98.13306427	-2.58573782E-5
585	97.15343475	0.009186048992	97.90881348	-1.123703114E-4
584	97.00454712	0.01019180473	97.59989166	-5.073998909E-5
583	96.88115692	0.01150253322	97.11889648	-6.243328971E-5
582	96.81523132	0.01269994956	96.4479599	-3.503834596E-4
581	96.80561829	0.01480267104	95.53422546	-8.143523883E-5
580	96.87729645	0.01724312827	94.40747833	-1.336485147E-4
579	97.01013947	0.02072762698	93.10518646	5.94739904E-5
578	97.21874237	0.02509092167	91.71030426	-2.669526439E-4
577	97.44980621	0.03101217374	90.25447083	-3.652018495E-5
576	97.71964264	0.03896852583	88.66043854	-1.735937694E-4
575	98.00048828	0.04963396862	86.80519867	4.191034168E-5
574	98.23173523	0.06321517378	84.36608124	-1.621775591E-4
573	98.42298889	0.08175968379	81.15596008	8.715459262E-5
572	98.54515839	0.103956975	77.03426361	2.044159628E-4
571	98.55782318	0.1310888976	71.7026062	3.893299436E-5
570	98.47085571	0.163485229	65.31041718	3.695893611E-5
569	98.31516266	0.201589644	58.12425613	1.403619244E-4
568	98.07175446	0.2471783012	50.11678314	-1.488804701E-4
567	97.79108429	0.3057185411	41.69109726	1.38307194E-4
566	97.49545288	0.3821295798	33.21249771	-2.756817048E-5
565	97.23079681	0.485052973	25.30588531	-5.939472248E-5
564	97.02828217	0.6317414045	18.41443443	6.987699635E-6
563	96.89920044	0.8498488665	12.75651455	2.437237526E-5
562	96.87992859	1.180859804	8.535936356	1.20505174E-4
561	96.95510864	1.676326036	5.643278599	6.715941709E-5
560	97.12487793	2.473795414	3.654732227	1.468902628E-4
559	97.36529541	3.800392866	2.313969612	9.513853729E-5
558	97.6640625	5.973473549	1.45785594	6.906790804E-5
557	97.94064331	9.415073395	0.922614336	2.103367879E-4
556	98.17240143	14.67514801	0.5861298442	1.318489813E-4
555	98.30487823	22.27621841	0.3732804358	9.999306349E-5
554	98.30470276	32.34766006	0.2407964617	2.896050501E-5
553	98.13754272	44.66646957	0.1575613618	2.460627184E-5
552	97.81838226	58.94883728	0.1030543149	5.734892329E-5
551	97.36818695	72.76340485	0.06915257871	-2.664864041E-5
550	96.84133911	84.15475464	0.04741467163	-7.610176544E-5
549	96.30366516	91.66451263	0.03305106238	-1.119703029E-5
548	95.79344177	95.18592072	0.02362865582	2.205013006E-4
547	95.40906525	96.0765686	0.01707519032	7.658481627E-5
546	95.17687988	96.02462006	0.01264542527	1.937299676E-4
545	95.14838409	96.21550751	0.009556791745	2.34687468E-4
544	95.3500061	96.96205139	0.007433242165	1.109211807E-4
543	95.74707794	97.95462036	0.005891464185	1.403396745E-4
542	96.31922913	98.71552277	0.004806393292	1.187694215E-4
541	96.98160553	98.98590088	0.003991293721	2.636905992E-4
540	97.66765594	98.79628754	0.003418461652	3.792743082E-4
539	98.2489624	98.45168304	0.002973978408	3.122155613E-5
538	98.69219971	98.24472809	0.002556932159	2.630834933E-4
537	98.89732361	98.36143494	0.002574503887	3.963381459E-5
536	98.77909851	98.65388489	0.002326423768	2.431438625E-4
535	98.35420227	98.76960754	0.002232479397	2.340174251E-4
534	97.64591217	98.33856201	0.002166125225	9.355570364E-5
533	96.77215576	97.20615387	0.002107936423	2.351487201E-4
532	95.7859726	95.53820038	0.002147363266	2.261825575E-4
531	94.83030701	93.7657547	0.002166961785	5.831050221E-4
530	94.03095245	92.4601593	0.002410920104	8.057586383E-4
529	93.46715546	92.00298309	0.002510969527	0.001005737227
528	93.23010254	92.49671936	0.00280041201	0.001078365953
527	93.32601929	93.76661682	0.003031795379	8.673106204E-4
526	93.74330902	95.36761475	0.003773043165	0.00126114022
525	94.43558502	96.84585571	0.00399015611	7.032917347E-4
524	95.29781342	97.75624084	0.004224613309	8.169203065E-4
523	96.2312088	97.97968292	0.004462936893	7.416982553E-4
522	97.09433746	97.69261169	0.004759153351	6.539897877E-4
521	97.79035187	97.2699585	0.004876177758	7.056305767E-4
520	98.22911072	97.04600525	0.00482451031	5.018661031E-4
519	98.3476181	97.17363739	0.005064730532	4.27259336E-4
518	98.20040131	97.62431335	0.005071382038	8.590692305E-4
517	97.8368988	98.19372559	0.00505571207	6.361443666E-4
516	97.36296844	98.71268463	0.005158279091	0.001127286348
515	96.88542175	98.93966675	0.005104383454	0.001324735698
514	96.50865936	98.91854858	0.004922464956	0.00192282116
513	96.34017181	98.74567413	0.004508031067	0.002311968943
512	96.41094208	98.62317657	0.003649219871	0.002526526572
511	96.73445129	98.67642975	0.003214228898	0.002437843708
510	97.24024963	98.8735733	0.002777424408	0.001982368762
509	97.8731842	99.13352966	0.00217152806	0.001827305416
508	98.46045685	99.24078369	0.001746676746	0.001464030473
507	98.8979187	99.11979675	0.001441013534	0.001254545408
506	99.0947876	98.80995178	0.001245269086	0.001235596021
505	98.9965744	98.46264648	0.001260169432	8.851160528E-4
504	98.61953735	98.25688171	8.856573259E-4	0.001000500051
503	98.06867218	98.32585144	0.001009368454	8.245120407E-4
502	97.41441345	98.57627869	0.001180881169	9.837978287E-4
501	96.79705811	98.86802673	0.00100613141	8.537883405E-4
500	96.34888458	98.97871399	0.001175226644	8.663873887E-4
499	96.15944672	98.80069733	0.001097419416	0.00118320575
498	96.22530365	98.30281067	0.001602047472	7.822024636E-4
497	96.55886841	97.70828247	0.001760149142	0.001262794598
496	97.05489349	97.24208832	0.002262012567	0.001378054963
495	97.63166046	97.11236572	0.003061370924	0.001283811987
494	98.1789093	97.34710693	0.003993014339	0.001503541716
493	98.56959534	97.84590149	0.005060485099	0.00119067356
492	98.70042419	98.39143372	0.00513146352	0.001085657161
491	98.57540894	98.77032471	0.004779103212	8.824585821E-4
490	98.23377991	98.9080658	0.003525800304	6.598327891E-4
489	97.77317047	98.82475281	0.002448873129	6.485650083E-4
488	97.32284546	98.67448425	0.0015538648	6.07159629E-4
487	96.99801636	98.61312866	0.001023414894	6.032378296E-4
486	96.89656067	98.69132996	8.056765073E-4	6.759263924E-4
485	97.04133606	98.84560394	5.340815987E-4	8.924789727E-4
484	97.40187836	98.98915863	4.116683558E-4	0.001149104442
483	97.88230133	99.0072403	2.620449231E-4	0.001342854812
482	98.38844299	98.92211151	2.029352327E-4	0.001595561276
481	98.78453064	98.83743286	1.690958743E-4	0.002156790579
480	98.97918701	98.80981445	1.5489207E-4	0.002554202685
479	98.92419434	98.85942078	1.663672447E-4	0.002641088096
478	98.63848114	98.90523529	1.323443867E-4	0.002123003826
477	98.1835022	98.83642578	1.493367163E-4	0.00144234614
476	97.68438721	98.59661102	1.525937987E-4	6.138035678E-4
475	97.25431061	98.27370453	2.428633452E-4	5.270031397E-4
474	96.96784973	97.99794006	2.850877645E-4	3.113896528E-4
473	96.89028931	97.96936035	2.938739781E-4	1.453022269E-4
472	96.97138977	98.18520355	7.42603559E-4	2.263804199E-4
471	97.19928741	98.59130096	0.001633017207	1.953330866E-5
470	97.48790741	98.94474792	0.003205772722	7.176312647E-5
469	97.76351166	99.09663391	0.005883380305	1.708854979E-4
468	97.98674774	98.96477509	0.008634456433	1.282167796E-4
467	98.09214783	98.71440887	0.009676002897	2.377872588E-4
466	98.13780212	98.54766083	0.008103382774	-3.646652112E-5
465	98.11693573	98.58882904	0.00513578346	2.425873681E-4
464	98.10533142	98.77546692	0.002957884222	-3.975923755E-5
463	98.09173584	98.94451904	0.001406077761	1.603965939E-4
462	98.09046173	98.87976074	6.882277085E-4	1.341141469E-4
461	98.06018066	98.60607147	5.404315889E-4	9.725499694E-5
460	97.9967804	98.25195313	5.176701234E-4	1.956866472E-4
459	97.84757996	98.07602692	4.270980426E-4	-5.861609225E-6
458	97.64564514	98.11877441	-3.015327638E-5	-2.420074907E-6
457	97.4356308	98.34571838	4.129602894E-5	4.740109216E-5
456	97.29013824	98.5786972	1.594086643E-4	9.977522132E-5
455	97.25563812	98.65087891	9.505132766E-5	3.940128227E-5
454	97.35616302	98.62415314	-2.864783746E-4	-3.084605851E-4
453	97.59953308	98.56803131	-7.019624172E-5	-1.0410705E-4
452	97.88218689	98.57821655	4.41708471E-5	1.259812707E-4
451	98.15208435	98.64658356	-2.343497908E-5	1.808376692E-4
450	98.2876358	98.66279602	-2.261107438E-4	3.050645755E-4
449	98.24021149	98.55625153	2.918149221E-5	5.142525188E-4
448	98.0630722	98.39328003	-9.349163156E-5	0.00258930889
447	97.7960434	98.30054474	1.20388162E-4	0.01002183743
446	97.5922699	98.36767578	-2.570075158E-4	0.01491422299
445	97.54964447	98.49645233	1.061771982E-4	0.008910072036
444	97.72844696	98.50139618	-8.358076229E-6	0.001689091907
443	98.08361816	98.33214569	-5.350508945E-5	5.466241273E-4
442	98.44859314	98.0711441	2.29623678E-4	2.667056106E-4
441	98.68418121	97.95516205	3.815976379E-4	1.558130461E-4
440	98.6129303	98.03488159	8.201291203E-4	3.690455633E-4
439	98.17050934	98.13449097	0.00176135893	-2.87152252E-5
438	97.46762085	98.04285431	0.002435771516	3.07212089E-4
437	96.64833069	97.77500153	0.001657713088	3.346795274E-4
436	95.92781067	97.57432556	6.575343432E-4	2.227326622E-4
435	95.50431061	97.72090912	3.438087297E-4	2.024941496E-4
434	95.45079803	98.13651276	4.050896096E-4	1.275457034E-4
433	95.7352829	98.43134308	2.124148014E-4	-7.358993753E-5
432	96.1749115	98.21570587	4.195435031E-4	1.747586793E-5
431	96.65534973	97.68144226	3.569396213E-4	2.207543002E-4
430	97.00003052	97.2482605	2.114592644E-4	4.862573987E-4
429	97.12747955	97.26755524	2.225611534E-4	0.001386541524
428	97.02362061	97.66533661	1.736910926E-4	0.002676313976
427	96.70032501	97.9532547	4.124048282E-4	0.003072715132
426	96.13063812	97.85890198	2.229251259E-4	0.00206405879
425	95.20463562	97.57770538	4.364695924E-4	0.001251176931
424	93.73219299	97.4522171	3.564752988E-4	0.001133763115
423	91.55913544	97.53250885	2.373864554E-4	7.83296302E-4
422	88.7907486	97.50991821	2.569167409E-4	2.932540665E-4
421	85.76241302	97.25579071	4.771286913E-4	1.925128745E-4
420	82.88611603	97.04852295	6.559802569E-4	9.105443314E-5
419	80.44403076	97.11938477	1.801656763E-4	-1.107112112E-4
418	78.20095062	97.2043457	4.441595229E-5	2.427439322E-4
417	75.09766388	96.83895111	1.806072542E-4	5.858043442E-4
416	69.72208405	96.17370605	-5.773056182E-5	0.002212840365
415	61.34821701	95.83621979	-1.725442962E-5	0.003961663228
414	50.69425201	96.0951004	-2.810763835E-4	0.003295263276
413	39.8282814	96.41847992	-1.714572572E-4	0.001931461738
412	30.59302521	96.24916077	-1.792386902E-4	7.44957244E-4
411	23.63942528	95.74697113	-1.691804355E-4	2.155260736E-4
410	18.61922073	95.47399139	1.106107811E-4	1.146643481E-4
409	14.9344635	95.38939667	1.225089509E-4	1.223270665E-4
408	12.00022507	95.04085541	8.283027273E-5	7.444883522E-5
407	9.469781876	94.30886841	-5.013664486E-5	-2.384012769E-4
406	7.256237984	93.49144745	-1.005295871E-5	5.720420813E-5
405	5.44876194	92.68202209	-1.113468534E-4	1.566345418E-5
404	4.070047379	91.74324036	-1.575306815E-4	8.726276428E-5
403	3.095558167	90.93912506	-3.293346381E-4	-2.779204515E-4
402	2.421457052	90.43637085	4.91361352E-5	-4.793530934E-6
401	1.946275115	89.85769653	-1.295743568E-4	4.141448881E-5
400	1.593406439	88.50649261	9.192835569E-5	-1.804705826E-4
399	1.300871968	85.10897064	-3.446094634E-4	-1.442426728E-4
398	1.028776646	75.18508911	9.884289466E-5	-2.075840457E-4
397	0.7891939878	55.46992874	8.143121704E-6	1.839633187E-4
396	0.5942560434	31.19519615	-9.392663196E-5	-2.304675945E-5
395	0.4486263394	12.30395508	-2.20934744E-4	-1.749050571E-4
394	0.3469396234	3.054293633	-5.973783482E-5	2.455716894E-4
393	0.2744424939	0.4084644318	-6.572550774E-5	-2.035470243E-5
392	0.2102773339	0.04820489138	-1.848806132E-4	4.814888234E-5
391	0.1361560076	0.008442543447	-1.882797369E-4	-2.660798491E-4
390	0.06247516721	0.00156929763	-4.33691137E-4	-7.264321903E-5
389	0.01840186678	5.215453566E-4	-1.17165393E-4	2.129229833E-4
388	0.00356252864	2.759359777E-4	1.596053189E-4	4.991158494E-5
387	5.120600108E-4	-1.128820368E-4	-1.112006576E-4	1.441239583E-4
386	-3.178194675E-5	1.436881139E-4	-7.082072989E-5	-7.350493433E-6
385	-1.477335609E-4	-2.621624117E-5	-8.46801122E-5	-2.394923795E-4
384	-8.786829312E-6	-1.844923245E-4	-1.454423327E-4	-7.903766527E-5
383	-9.466281335E-5	7.420496695E-5	-5.570431676E-5	-9.679123468E-5
382	1.032447908E-4	7.013746654E-5	-6.873178791E-5	-2.66139512E-4
381	-3.770854091E-4	-2.312897559E-4	-2.594800317E-4	-1.681177528E-4
380	-2.77828367E-4	-1.060921131E-4	-2.760200878E-4	-2.73440528E-4
379	-1.241908321E-4	-7.303369784E-5	-2.139009157E-4	-1.399710018E-4
378	-1.618482493E-4	9.012177543E-6	2.354675053E-5	-1.198927494E-4
377	-2.693388378E-4	-2.144098689E-4	-2.587888448E-4	3.505967106E-5
376	-2.706307569E-4	-2.855679668E-6	-2.338413178E-4	-1.696823019E-4
375	-2.541318099E-5	1.340181916E-5	2.32422899E-5	-6.444815517E-5
374	-1.663503353E-4	-6.264023978E-5	-2.670464164E-4	-2.088457695E-4
373	-2.140375436E-4	-5.974395754E-5	-8.714860451E-5	-8.881336544E-5
372	-6.928746734E-5	-1.267943207E-5	-9.888102795E-5	1.198922764E-4
371	-3.240362566E-4	-4.239859481E-5	-3.330596082E-4	-3.028261417E-4
370	-2.137060801E-4	-1.718803833E-4	-2.160645236E-4	-1.168449762E-5
369	-2.848680888E-4	-4.364338383E-5	-2.344168461E-4	-3.905594713E-5
368	-2.349119022E-4	-3.294713097E-4	-2.131833462E-4	-1.049155908E-4
367	-2.099771518E-4	-1.063544332E-4	-1.898768096E-4	-8.759903722E-5
366	-3.468593059E-4	-5.604294129E-4	-3.142369096E-4	-4.459354386E-4
365	-2.003120899E-4	-1.325730991E-4	-1.157624429E-4	-2.326113899E-4
364	-1.523339888E-4	-2.25909258E-4	-1.003773941E-4	-1.472369186E-4
363	-1.182521955E-4	-2.751135034E-4	-1.569248416E-4	-1.99281596E-4
362	-1.222056599E-4	-1.520437072E-4	-3.160823835E-4	-1.974693296E-4
361	-4.411129921E-4	-3.115021973E-4	-3.529125242E-4	-4.549937439E-4
360	-3.540358011E-5	-1.361612813E-4	8.47111005E-5	-1.950202859E-4
359	-2.730834531E-4	-1.077179404E-4	-1.868285763E-4	-1.100331137E-4
358	-1.398332824E-4	-5.854702613E-5	-3.002623853E-4	-1.087402343E-4
357	-3.25320696E-4	-2.628837537E-4	-4.532210296E-4	-3.432087251E-4
356	-1.833092538E-4	-2.781583316E-5	-1.887408434E-4	-1.962150782E-5
355	-1.088714489E-4	-5.462801346E-5	-1.793546398E-4	1.378877932E-4
354	-1.820105681E-4	-8.003997937E-5	-2.263325296E-4	-1.660861017E-4
353	-3.257456701E-4	-4.396226432E-4	-4.963201936E-4	-3.800646518E-4
352	-2.799596114E-4	-6.191940338E-5	-2.258753084E-4	-1.457404724E-4
351	-2.708825341E-4	-2.199642477E-4	-1.75851048E-4	-2.090191847E-4
350	-4.920623032E-4	-3.747571318E-4	-5.666922079E-4	-3.859885037E-4
